950336663
384258975
2020540470
857444178
1153224041
289970544
880732876
664620980
807268684
1261705664
678074450
2131396812
1061114425
792310711
1972241914
956839443
819207066
531118525
1635791752
958406844
1027857342
1471455022
631961878
1711011925
1302645921
34930097
869354672
977670584
414702576
1630906164
177412581
1379344619
431468733
1703210388
590800711
1095003732
296582109
1076045727
2069390247
1270694214
496389350
1930079351
633459445
1219044660
2069324892
1103939431
1825396532
1480263199
1420191634
1921700493
514623967
1101429258
1659430331
81284508
1240783757
204822372
354976355
209126453
1661472003
1437753607
488768377
12022165
815203948
1252976612
1582755887
850585874
1143725293
1803629280
1265803323
715246732
643417180
1846375592
1408136151
2060557390
667392340
1643274800
731331761
1367566481
1774929182
736661957
1168404930
363077776
278978459
675356226
1084577768
1659318452
636733628
1860742147
289454352
1718809008
1031322883
1180506364
1352395310
288963941
1278595672
1606892252
2061461225
973845388
492026512
1951930158
1937383310
1448236464
377264671
966845232
1898161831
394141157
46455583
561980543
1062868469
480726412
894116639
509601370
977672443
362559410
647585203
1335690503
1079223736
404599813
1244236157
831997150
798799321
1561630733
460648277
1065673730
1829234435
1644440506
1587121882
1436931206
1103427532
248195973
502473888
1789477173
1188945147
521777475
1439947488
849974501
1988333659
708952959
1505485124
2133547644
600894118
963510287
1631510013
2019442676
1655906485
976992550
205924960
294405627
1715860378
1594019216
1499866762
471084605
1005614809
1354303149
705010643
1330637760
1005440892
763725181
1434359125
820498796
1082401459
715339196
578457462
1374055793
1360485010
419034611
1178826272
706212020
1650967443
1266374630
713887843
370365775
122550359
1260642944
1969524614
81389586
1333544106
1854517890
1066902276
191690321
553872833
79104597
1223795635
1576989360
1246284938
2082932183
1734173108
693023195
579748624
554347492
1573709775
514709769
2058326814
1808591030
353589166
311274952
362527484
321432951
318382708
2109350651
1334168023
987786891
2011529880
2098842699
1690692204
508685237
526238581
1354356949
1632448952
194371257
349730909
640666581
145493119
519670506
750934744
1516156120
1784066373
2024626145
966613497
927897843
1141930932
1602370980
918222950
1560175586
887741934
894641508
717690279
533668031
19648282
1518803181
1845623211
1655320716
1159363348
1785986005
978203290
1170045021
693016455
405971961
541945988
185422304
505160268
1407853748
2109537854
1385707688
1365600370
395505479
17900204
769556052
1041894691
1698809378
860295561
1793349668
1662840788
44783604
1617888563
1624150423
1478024500
598300266
217884149
1804696709
1700916239
2136368185
1818291983
597751763
1047806975
1697605487
1794074827
213816737
1605810525
621191095
1624629793
1968103200
1934675829
584938816
9518545
2056133723
876966746
577490757
911993846
1220917665
148005476
1077132855
599998753
956240370
1547016797
822182530
1999294735
202935825
954814179
1491498049
1879622768
1021240589
1204379198
185039742
943565857
1606076385
1722826481
1416297323
1912068737
594198138
1596572132
2097523660
1525578864
1554710798
871872398
1802405961
995212384
360387494
1824589892
1894528440
1210777584
1443446214
133120759
1569366947
2111723213
985815275
766885789
1606070034
1886878550
505698765
1706583060
515700278
658879365
1669932551
919536375
319479880
250415034
190804471
56373729
1747024938
755470185
1477625874
1308211017
719030103
2120358074
1135624863
1425481976
1539472010
1041023075
2092989575
927337028
1416405546
1748190364
792482431
857903923
172415675
1765803990
1011130029
564957567
1824757295
1484222951
1692924318
769049572
934841535
1027507038
369644951
1014570611
1079998662
2121872878
1774452974
1806316121
677680897
457474680
348262248
1197153039
1919023684
1892959272
1249577256
559763713
278535235
1861442070
745241478
1329338486
1263322882
1668297551
453125882
1504486232
2058851167
1650824132
783038252
543500048
904926806
