1258408080
745769447
794511290
1206593857
2127555750
677502192
384196094
802521611
742158179
1467401420
689968048
780843830
1649239442
244896668
1066692867
1266405305
317479385
70846535
2099815440
687356770
1698913098
1246338593
1439060668
1638107859
248935052
1216985681
1021892695
1930904137
325940985
1722012707
305289793
1269335677
1028713498
1603470106
1755603877
370199418
1688517592
1257428821
1959221872
1727400359
880863508
586298091
256245735
1887427254
1815891072
2061452750
1231728178
833476937
911586350
1164582463
308830913
2094367789
1041781324
1875734449
292965820
1250380723
691528446
1482699535
1686517051
1152228521
390890347
867977468
258289580
1888987145
471742028
99723965
1600577946
1545380520
1728588401
1819703929
832419905
11746095
271087967
1780484288
1959970834
302954393
2053143235
1091175873
1927487408
804501828
112884240
1313834907
1402727826
74485247
947599197
201330703
630958104
1528779462
1322085621
83140160
940056683
1793047824
1806164655
2039757718
1070105087
1465393912
588263315
1541065814
649846471
1449707020
154453381
690062149
1424521614
157042739
1648114991
605176073
1982804937
1709021228
570488046
38594757
1395438368
1364252149
435536283
1067105914
960897284
1562171575
1294605756
1637801355
1272952343
431398146
942828104
431784046
305838465
1884939615
1188344004
893234437
1210322931
857688446
694480987
1182662256
988298043
1598140847
1042440679
709446126
1434552131
1042448665
1891182200
103809218
1172204679
1375970862
1572250079
550553402
1532949192
2037552180
793918656
68336770
519218476
1099231048
2063690564
621236896
698375883
459414023
411356496
557219123
1100373631
1502116122
1961823692
2015012636
347996214
1441614434
1498264247
1208786413
1275183774
389103863
450854620
798105459
1973003141
2014631074
732398855
623466660
81534262
2108522192
566378006
1910277798
455778049
1818354365
1962703144
867299383
2003950546
1321210673
1681820094
343532977
730585336
432476538
1432318528
1062453786
401807999
1878974202
1876450897
731328105
1204500458
1772871272
1487268
1926675014
543982307
1854735399
219099667
514951256
1486858866
544247865
700877844
509467131
1475782545
1810900058
2040791650
1288206327
1828538774
329351810
1161081292
302327071
1083133855
1041855143
2007635117
1814764971
1671546228
898284550
1505210533
115851957
1913468188
254083281
1867445909
1977586025
297576198
2144829584
1133400302
1377817926
1203581262
1827723613
367843704
56605215
344226888
881077857
119385177
1670037511
2144454646
1293202406
605516414
1709258127
788553895
773527510
2033058889
618423586
1161598676
370231322
217571556
678813059
1759696395
2052237552
1272397983
443370380
789177243
649544537
1718983060
1675209912
344436699
84886412
918658415
2006312458
976685231
1896267538
1141110242
1464733479
467716751
168077281
2114901166
3143480
1327436478
1217749894
19156600
708284107
871841957
1835282101
1010019626
1747562656
1524798357
1234454826
487096708
985955813
661690718
204957970
1705363948
1171875046
487945798
899544380
1050486229
1347241421
1783864584
1301399449
2143811084
1788393779
78266357
1927770133
1407449057
1076202622
1730009433
131061011
579086965
1616448990
1633524963
672584234
1374994321
439894921
494282896
2060462136
1173028528
738998447
271572882
328648754
827909876
1333977172
1097916167
26896117
1091031680
1801098227
341753216
1729883751
375177097
293932828
1847005926
1771441324
1118434825
715977413
1748907736
1038016927
343765466
2027898004
224722729
1324454546
271313016
211560831
2064242757
478150052
230579495
1703615110
578689528
224434391
1398905245
614021959
1836200579
776660035
1503631525
1004051296
436749792
1566972878
443659402
2028343053
708617311
22626006
305510550
1723404948
1691293253
1828660663
1736450526
461077334
228385687
2065815507
1710950877
805508635
332991335
1298145853
1735192312
1500794710
1863740562
597194097
1479207740
401413211
375753848
219479808
1690050904
1199374039
1249313981
1105565179
1227672213
1362164619
1588782580
1939841366
1924927158
1747901996
1004556386
328416713
323304549
2062902405
911885587
1657613580
1587224103
382253067
632067405
521429665
1560404528
318762725
1644338608
289224496
1442825336
1695077538
1420079636
817981089
1390735460
1436192123
1092090295
270145358
985531123
852098067
341216880
554814131
659525078
1279101179
876556471
1940762308
1228270109
1405080468
1639410653
1233980438
661064643
1655008590
211846748
1943182855
1345593463
823558939
166945324
1171443528
376662208
1205373640
524057853
2026729747
1999731714
1856615199
1465805611
1522724761
1629826989
520396084
1988767343
630898246
1353186442
1614662199
752101521
428878540
277354773
199282790
684664236
1372932733
1039974622
1906999064
1214952001
2058511822
1077704670
1655939021
2055647500
1286742861
1909819519
1892300156
587367024
1347581685
965479978
1686193107
1355028446
697403864
1634249002
501508811
58708223
427935539
100314748
1958547385
295876801
546044055
111581610
1269234047
1569615755
1855564042
976086909
978682300
1238888811
927297032
1519351410
98645810
1338482908
547009956
396730739
297987839
1140608245
832079151
1433722052
2100493598
406452899
11711336
890313370
332500774
382644883
690427102
538468410
1722303407
2120990900
769145148
1711399419
26106469
1887654787
301296859
1714197663
851265038
682825545
333887777
811487061
1619899963
2090826461
1545015775
45011881
1844863640
1060007658
1343846053
1367419510
1013502434
2139633291
1390727282
1451978819
894765816
1060848642
1894451576
1683215331
524781754
555564050
1256640598
6012256
1790051238
767670082
1442489258
2005780546
1234139585
2049636688
1494234893
1836451204
1725566721
1780640867
72303614
1954754560
2012807381
682525378
448444061
1039646039
945118297
1843888875
311872101
127219416
1467819026
129067666
1521087453
877959601
84126732
140839186
409386924
295457870
1370115471
445691482
1812645470
1360834628
674435654
1951866435
186847737
332240552
1159970659
1905625505
1940485240
2128823758
1222967091
518417112
1405959675
1482608741
521592485
314136733
1697566526
2032074674
2092631371
866400301
1725645240
1707747055
310482743
23202167
1365126454
1994008238
1237520988
1380869651
2079661984
1876483279
689096104
76793631
1899967839
1154273726
1671550692
1354805607
1156637905
1112341936
1970696833
1020538344
887961046
2044816006
966484007
1348763895
2047786288
1348575505
1816005754
83881745
276955594
1566545564
1591357264
1282290311
1920720982
644300320
1781442252
947131469
2065952837
1796012522
1077688146
671521423
2095254781
1365294647
51780427
371375469
1148490223
71719467
1723382110
1657753350
1634408153
1901643041
1732222297
659642595
261674983
66959536
1547234883
355416827
2088835359
234902072
43612279
6828441
507540436
1853427892
1345814592
2070001798
621512765
934410826
354083285
3550532
1222346316
1745932391
1434549191
682816998
1522109332
1258209855
1088076520
735066453
865804131
1195380212
1739596785
867603791
1008905892
1890170845
968086401
234086255
1988604230
858902488
364568958
564839548
2100997817
1235176283
1769039205
1938202383
138481083
300803269
1336357471
1933718789
409046273
818295660
38745614
216006555
589068113
191968996
1932367422
1229023369
2008920904
1678850021
1051521440
1947853752
1275324347
2104050237
577848694
603442589
1416878996
1872218724
1019079797
161046445
1684445801
189866933
715364741
1783244544
246351074
657601397
1424113113
1270774171
1067894459
944475983
580142923
1534389855
1575285551
203092538
720671512
882798479
67848213
2125944311
236852562
414570156
117827812
820191618
1074501456
1544288394
308183840
221223518
541548805
276857740
384962992
1312879502
1907404926
285038638
1790453542
1414249417
752388136
583600154
1701512833
718015958
817309825
149766286
419726782
380135899
1634418876
1511233233
49392277
1043210103
1732589447
1299601567
647490986
1271717884
662675449
1243983082
1807859038
1202880752
800063382
440554426
1324470692
1511823594
152495286
986992911
1583183569
1231400759
1393596374
1198883382
1053996818
441189699
938339930
860745573
1861883329
1424606717
2127921849
1169176691
212518020
1982978736
1069545786
771866148
729820376
1471825649
284764170
900724833
1128603773
1909958613
1346600032
446157378
47792954
526080457
886120978
55612011
422936404
1794609129
657810735
2098372862
146644406
2015242541
1527630559
1546364433
1722271660
1966487885
1118542616
486346195
238816857
805051004
1335919818
289123764
310125487
79986984
954700457
15067211
1512940646
920025777
430590603
679556705
795607448
93425658
69223147
744205363
364304420
1364356453
2026730200
1926167686
1294053208
1538644128
1155814582
26961552
727498140
120524254
758178554
342251359
271542080
1909007408
24381921
955744015
663215843
126339625
296499414
1668891078
1628851967
75512179
1271914535
1395350939
107412098
1959101598
1308243478
1889668143
637717911
1467755321
152910251
193718715
1337122142
1804440518
569534900
285531994
150276360
1693025221
1315558608
968111326
1758539025
2126433007
2089765430
1886303531
419227136
1931560637
2103773960
1641830848
579562742
105330739
571166035
146993842
554722022
2070626003
2140159201
172449651
1264245695
1124465540
2082541882
944008009
2033288192
2044710871
1691649385
209627531
337141905
2116189918
1448605905
1961187718
1523261376
403885732
243962805
161711596
1509339142
1469632244
2018300259
377782452
1043213640
1990788698
1774978211
203700498
220400839
698797844
1025615635
1776002071
936936261
933858810
909175225
99626560
1071131774
902644086
1329152373
520624317
667823782
1295974661
269304041
1360199750
1035029028
1628639358
427791151
766312252
1027382870
843685796
410457873
327832849
1655217158
557416540
71067211
673602024
633076483
294898161
282060874
989788108
267321001
1047073529
992948967
1716712164
1610849302
94365836
1911693785
1543383559
147231000
1581784538
189890041
163982827
750271115
97344709
1084463345
675831439
731877622
1834985148
176779760
562795038
1189030680
1519103819
590973149
722888795
2029762404
1361637731
1823756527
977254952
1110106358
1690291068
314519001
798677114
165711145
1560021542
1136756204
403934916
98615506
1787211801
2110761022
796044816
483687768
1765684355
853857705
2066782581
1729623159
899422147
1052241158
420326669
625046646
521563885
1827451564
38026935
1615577546
945146695
137280238
781324101
218108317
1458931942
1854784165
552665601
85596129
2063129787
1054320078
1045513595
342597811
1994783501
1073770951
797586045
1244426024
1776808068
1797786306
521591332
334425817
1130165581
500585576
1428719815
1515914580
806254325
330255608
624610929
1537611095
1939363823
827250796
337628327
110688893
