2736062
19415127
20718240
20961248
25850763
36232479
37590977
41521442
42832573
43114203
45139622
49371573
54504435
55566709
58247400
60041045
79166767
85707578
88533830
97270746
113599072
116130450
122438685
126983392
128020709
138493724
150813268
171741321
171907726
182388520
187074761
191393044
196090552
197302189
198417089
203998376
208835659
210854448
213120463
217351227
225079760
231699568
232503182
242699576
250284490
267353269
277446109
282673334
286399291
286741163
292798751
292957905
302005424
304777683
325871383
328741449
329972555
343403701
344944177
359074990
363771257
366497948
368781849
371918946
374659714
388815466
390201631
399409717
409637026
413781757
419897660
438910910
442028132
449681898
469743408
477527868
479015866
481113246
483761540
485069893
493009006
494385159
497494605
506074634
509516565
509666899
526034297
540412433
541872107
558887137
559400573
562200705
565137419
573623559
573811926
586220919
588642908
597787620
604677569
606916831
608297008
609585938
612126216
621333198
640557489
643453515
647946336
660328302
660608366
665530714
666165012
680525330
682132312
688247129
689199601
691494375
711837580
730210373
733847543
736423407
739012449
744417229
745622721
753425285
753864317
754783687
756411664
762003084
767546751
782996685
785903971
789366528
798176781
800077900
805188682
810765650
812431596
816219643
818579695
834624322
838313954
840461907
842500690
851679992
851783284
852417131
864723415
866759214
866807202
879854742
886486617
891037825
893182753
896605500
899904523
900249667
904902249
906396609
912718402
916988027
929033238
936647217
944903294
947525772
953458142
961423573
965124872
966519193
971993181
986938208
992303556
1011316818
1028193324
1036978640
1038497085
1040201641
1047406455
1047945616
1049558505
1055622917
1063257678
1065776692
1067800083
1071772123
1077680357
1079626327
1085933993
1091034599
1099441997
1116328068
1119807001
1128327390
1137013551
1138684591
1141203874
1160114777
1182016652
1186158059
1188167669
1194790979
1197123389
1200129347
1200291401
1202950831
1207028486
1220175377
1234088392
1235596669
1240119971
1244318803
1246078636
1249908131
1250667197
1251632178
1260437628
1267055466
1271555420
1273201309
1288696828
1290445320
1291740078
1292946130
1297741240
1298028856
1301301758
1313059088
1314338091
1331632319
1337733920
1339766855
1346293559
1346340261
1351066201
1352151149
1355230175
1356110020
1362630939
1394032985
1398552168
1405369264
1410517458
1410648588
1418543713
1421120934
1421805903
1425339243
1428272417
1450108887
1450446765
1454132202
1454387675
1456127749
1463418391
1468425843
1481271276
1485722481
1488906635
1490262416
1499270118
1504132004
1512499542
1519150565
1524395440
1546052873
1556733731
1557069137
1557889309
1576266684
1580076549
1585500544
1610912087
1618143448
1621523693
1630503265
1634289447
1644259825
1650427659
1657288372
1657821950
1664525712
1668169049
1669236642
1685876372
1695201131
1697324347
1699079601
1706031500
1707479215
1708369703
1709448198
1716045282
1716241891
1719677102
1721901188
1727798939
1736846172
1738353249
1738584961
1752180961
1757123374
1761850205
1762570322
1763706601
1772070956
1775183913
1778332327
1780537213
1784340576
1787131512
1789314864
1800389193
1805903203
1808478997
1809383367
1815544237
1830980073
1834588420
1838262637
1839528634
1841722644
1844548707
1845083770
1848330041
1848888762
1851841302
1854430704
1866779629
1869625693
1870792858
1900569670
1910654048
1916272946
1919430847
1928347772
1928667260
1928977135
1929346435
1934911570
1937616242
1943058524
1953101692
1953134426
1957711296
1959341325
1961480401
1972220178
1975761510
1984318420
1991309597
1993836273
1996556537
2000008447
2011348123
2013614112
2017763558
2020539673
2020805655
2030530164
2032494422
2040783611
2049981448
2052088120
2055829395
2058449461
2059316749
2066575711
2067586297
2075269070
2078445807
2080111903
2086575981
2090532401
2093663274
2097877702
2100494338
2106352692
2121463837
2124501980
2128242643
2130692162
2136106526
2147093163
