1487268
3143480
3550532
6012256
6828441
11711336
11746095
15067211
19156600
22626006
23202167
24381921
26106469
26896117
26961552
38026935
38594757
38745614
43612279
45011881
47792954
49392277
51780427
55612011
56605215
58708223
66959536
67848213
68336770
69223147
70846535
71067211
71719467
72303614
74485247
75512179
76793631
78266357
79986984
81534262
83140160
83881745
84126732
84886412
85596129
93425658
94365836
97344709
98615506
98645810
99626560
99723965
100314748
103809218
105330739
107412098
110688893
111581610
112884240
115851957
117827812
119385177
120524254
126339625
127219416
129067666
131061011
137280238
138481083
140839186
146644406
146993842
147231000
149766286
150276360
152495286
152910251
154453381
157042739
161046445
161711596
163982827
165711145
166945324
168077281
172449651
176779760
186847737
189866933
189890041
191968996
193718715
199282790
201330703
203092538
203700498
204957970
209627531
211560831
211846748
212518020
216006555
217571556
218108317
219099667
219479808
220400839
221223518
224434391
224722729
228385687
230579495
234086255
234902072
236852562
238816857
243962805
244896668
246351074
248935052
254083281
256245735
258289580
261674983
267321001
269304041
270145358
271087967
271313016
271542080
271572882
276857740
276955594
277354773
282060874
284764170
285038638
285531994
289123764
289224496
292965820
293932828
294898161
295457870
295876801
296499414
297576198
297987839
300803269
301296859
302327071
302954393
305289793
305510550
305838465
308183840
308830913
310125487
310482743
311872101
314136733
314519001
317479385
318762725
323304549
325940985
327832849
328416713
328648754
329351810
330255608
332240552
332500774
332991335
333887777
334425817
337141905
337628327
341216880
341753216
342251359
342597811
343532977
343765466
344226888
344436699
347996214
354083285
355416827
364304420
364568958
367843704
370199418
370231322
371375469
375177097
375753848
376662208
377782452
380135899
382253067
382644883
384196094
384962992
389103863
390890347
396730739
401413211
401807999
403885732
403934916
406452899
409046273
409386924
410457873
411356496
414570156
419227136
419726782
420326669
422936404
427791151
427935539
428878540
430590603
431398146
431784046
432476538
435536283
436749792
439894921
440554426
441189699
443370380
443659402
445691482
446157378
448444061
450854620
455778049
459414023
461077334
467716751
471742028
478150052
483687768
486346195
487096708
487945798
494282896
500585576
501508811
507540436
509467131
514951256
518417112
519218476
520396084
520624317
521429665
521563885
521591332
521592485
524057853
524781754
526080457
538468410
541548805
543982307
544247865
546044055
547009956
550553402
552665601
554722022
554814131
555564050
557219123
557416540
562795038
564839548
566378006
569534900
570488046
571166035
577848694
578689528
579086965
579562742
580142923
583600154
586298091
587367024
588263315
589068113
590973149
597194097
603442589
605176073
605516414
614021959
618423586
621236896
621512765
623466660
624610929
625046646
630898246
630958104
632067405
633076483
637717911
644300320
647490986
649544537
649846471
657601397
657810735
659525078
659642595
661064643
661690718
662675449
663215843
667823782
671521423
672584234
673602024
674435654
675831439
677502192
678813059
679556705
682525378
682816998
682825545
684664236
687356770
689096104
689968048
690062149
690427102
691528446
694480987
697403864
698375883
698797844
700877844
708284107
708617311
709446126
715364741
715977413
718015958
720671512
722888795
727498140
729820376
730585336
731328105
731877622
732398855
735066453
738998447
742158179
744205363
745769447
750271115
752101521
752388136
758178554
766312252
767670082
769145148
771866148
773527510
776660035
780843830
781324101
788553895
789177243
793918656
794511290
795607448
796044816
797586045
798105459
798677114
800063382
802521611
804501828
805051004
805508635
806254325
811487061
817309825
817981089
818295660
820191618
823558939
827250796
827909876
832079151
832419905
833476937
843685796
851265038
852098067
853857705
857688446
858902488
860745573
865804131
866400301
867299383
867603791
867977468
871841957
876556471
877959601
880863508
881077857
882798479
886120978
887961046
890313370
893234437
894765816
898284550
899422147
899544380
900724833
902644086
909175225
911586350
911885587
918658415
920025777
927297032
933858810
934410826
936936261
938339930
940056683
942828104
944008009
944475983
945118297
945146695
947131469
947599197
954700457
955744015
960897284
965479978
966484007
968086401
968111326
976086909
976685231
977254952
978682300
985531123
985955813
986992911
988298043
989788108
992948967
1004051296
1004556386
1008905892
1010019626
1013502434
1019079797
1020538344
1021892695
1025615635
1027382870
1028713498
1035029028
1038016927
1039646039
1039974622
1041781324
1041855143
1042440679
1042448665
1043210103
1043213640
1045513595
1047073529
1050486229
1051521440
1052241158
1053996818
1054320078
1060007658
1060848642
1062453786
1066692867
1067105914
1067894459
1069545786
1070105087
1071131774
1073770951
1074501456
1076202622
1077688146
1077704670
1083133855
1084463345
1088076520
1091031680
1091175873
1092090295
1097916167
1099231048
1100373631
1105565179
1110106358
1112341936
1118434825
1118542616
1124465540
1128603773
1130165581
1133400302
1136756204
1140608245
1141110242
1148490223
1152228521
1154273726
1155814582
1156637905
1159970659
1161081292
1161598676
1164582463
1169176691
1171443528
1171875046
1172204679
1173028528
1182662256
1188344004
1189030680
1195380212
1198883382
1199374039
1202880752
1203581262
1204500458
1205373640
1206593857
1208786413
1210322931
1214952001
1216985681
1217749894
1222346316
1222967091
1227672213
1228270109
1229023369
1231400759
1231728178
1233980438
1234139585
1234454826
1235176283
1237520988
1238888811
1243983082
1244426024
1246338593
1249313981
1250380723
1256640598
1257428821
1258209855
1258408080
1264245695
1266405305
1269234047
1269335677
1270774171
1271717884
1271914535
1272397983
1272952343
1275183774
1275324347
1279101179
1282290311
1286742861
1288206327
1293202406
1294053208
1294605756
1295974661
1298145853
1299601567
1301399449
1308243478
1312879502
1313834907
1315558608
1321210673
1322085621
1324454546
1324470692
1327436478
1329152373
1333977172
1335919818
1336357471
1337122142
1338482908
1343846053
1345593463
1345814592
1346600032
1347241421
1347581685
1348575505
1348763895
1353186442
1354805607
1355028446
1360199750
1360834628
1361637731
1362164619
1364252149
1364356453
1365126454
1365294647
1367419510
1370115471
1372932733
1374994321
1375970862
1377817926
1380869651
1390727282
1390735460
1393596374
1395350939
1395438368
1398905245
1402727826
1405080468
1405959675
1407449057
1414249417
1416878996
1420079636
1424113113
1424521614
1424606717
1428719815
1432318528
1433722052
1434549191
1434552131
1436192123
1439060668
1441614434
1442489258
1442825336
1448605905
1449707020
1451978819
1458931942
1464733479
1465393912
1465805611
1467401420
1467755321
1467819026
1469632244
1471825649
1475782545
1479207740
1482608741
1482699535
1486858866
1494234893
1498264247
1500794710
1502116122
1503631525
1505210533
1509339142
1511233233
1511823594
1512940646
1515914580
1519103819
1519351410
1521087453
1522109332
1522724761
1523261376
1524798357
1527630559
1528779462
1532949192
1534389855
1537611095
1538644128
1541065814
1543383559
1544288394
1545015775
1545380520
1546364433
1547234883
1560021542
1560404528
1562171575
1566545564
1566972878
1569615755
1572250079
1575285551
1581784538
1583183569
1587224103
1588782580
1591357264
1598140847
1600577946
1603470106
1610849302
1614662199
1615577546
1616448990
1619899963
1628639358
1628851967
1629826989
1633524963
1634249002
1634408153
1634418876
1637801355
1638107859
1639410653
1641830848
1644338608
1648114991
1649239442
1655008590
1655217158
1655939021
1657613580
1657753350
1668891078
1670037511
1671546228
1671550692
1675209912
1678850021
1681820094
1683215331
1684445801
1686193107
1686517051
1688517592
1690050904
1690291068
1691293253
1691649385
1693025221
1695077538
1697566526
1698913098
1701512833
1703615110
1705363948
1707747055
1709021228
1709258127
1710950877
1711399419
1714197663
1716712164
1718983060
1722012707
1722271660
1722303407
1723382110
1723404948
1725566721
1725645240
1727400359
1728588401
1729623159
1729883751
1730009433
1732222297
1732589447
1735192312
1736450526
1739596785
1745932391
1747562656
1747901996
1748907736
1755603877
1758539025
1759696395
1765684355
1769039205
1771441324
1772871272
1774978211
1776002071
1776808068
1780484288
1780640867
1781442252
1783244544
1783864584
1787211801
1788393779
1790051238
1790453542
1793047824
1794609129
1796012522
1797786306
1801098227
1804440518
1806164655
1807859038
1810900058
1812645470
1814764971
1815891072
1816005754
1818354365
1819703929
1823756527
1827451564
1827723613
1828538774
1828660663
1834985148
1835282101
1836200579
1836451204
1843888875
1844863640
1847005926
1853427892
1854735399
1854784165
1855564042
1856615199
1861883329
1863740562
1867445909
1872218724
1875734449
1876450897
1876483279
1878974202
1884939615
1886303531
1887427254
1887654787
1888987145
1889668143
1890170845
1891182200
1892300156
1894451576
1896267538
1899967839
1901643041
1905625505
1906999064
1907404926
1909007408
1909819519
1909958613
1910277798
1911693785
1913468188
1920720982
1924927158
1926167686
1926675014
1927487408
1927770133
1930904137
1931560637
1932367422
1933718789
1938202383
1939363823
1939841366
1940485240
1940762308
1943182855
1947853752
1951866435
1954754560
1958547385
1959101598
1959221872
1959970834
1961187718
1961823692
1962703144
1966487885
1970696833
1973003141
1977586025
1982804937
1982978736
1988604230
1988767343
1990788698
1994008238
1994783501
1999731714
2003950546
2005780546
2006312458
2007635117
2008920904
2012807381
2014631074
2015012636
2015242541
2018300259
2026729747
2026730200
2027898004
2028343053
2029762404
2032074674
2033058889
2033288192
2037552180
2039757718
2040791650
2044710871
2044816006
2047786288
2049636688
2052237552
2053143235
2055647500
2058511822
2060462136
2061452750
2062902405
2063129787
2063690564
2064242757
2065815507
2065952837
2066782581
2070001798
2070626003
2079661984
2082541882
2088835359
2089765430
2090826461
2092631371
2094367789
2095254781
2098372862
2099815440
2100493598
2100997817
2103773960
2104050237
2108522192
2110761022
2114901166
2116189918
2120990900
2125944311
2126433007
2127555750
2127921849
2128823758
2139633291
2140159201
2143811084
2144454646
2144829584
