1618143448
736423407
558887137
1721901188
374659714
2040783611
900249667
419897660
851679992
798176781
19415127
992303556
304777683
1805903203
1271555420
965124872
1664525712
1991309597
1854430704
242699576
1719677102
961423573
413781757
1235596669
1546052873
1834588420
2093663274
1314338091
187074761
767546751
818579695
479015866
573623559
1685876372
41521442
1738353249
198417089
1519150565
1138684591
621333198
1463418391
1736846172
586220919
597787620
509516565
116130450
231699568
688247129
1346293559
1943058524
966519193
1337733920
1244318803
1697324347
1028193324
1848330041
1809383367
1065776692
893182753
506074634
1866779629
2124501980
1668169049
2059316749
1848888762
1291740078
1450446765
1650427659
1049558505
744417229
852417131
1996556537
1488906635
953458142
565137419
1772070956
399409717
2011348123
2049981448
1456127749
810765650
1099441997
286399291
1984318420
250284490
1362630939
866807202
1202950831
1425339243
1405369264
1040201641
88533830
113599072
2100494338
1047406455
1301301758
388815466
390201631
739012449
1240119971
1789314864
1928347772
494385159
1071772123
2106352692
1838262637
1207028486
864723415
899904523
85707578
55566709
1260437628
1709448198
2078445807
745622721
840461907
1292946130
916988027
906396609
2032494422
1953134426
2020539673
782996685
947525772
1557889309
1200291401
1657821950
1504132004
1839528634
540412433
665530714
442028132
691494375
328741449
730210373
1499270118
1331632319
1194790979
1290445320
2136106526
526034297
37590977
150813268
1929346435
292957905
225079760
208835659
604677569
588642908
851783284
1657288372
1454132202
660608366
509666899
1934911570
2147093163
1197123389
1634289447
1141203874
1055622917
1394032985
1186158059
1200129347
267353269
1815544237
182388520
2128242643
282673334
1047945616
1869625693
366497948
1763706601
643453515
2130692162
2097877702
562200705
2075269070
1787131512
1761850205
812431596
1784340576
232503182
1716241891
359074990
1900569670
1808478997
1800389193
1188167669
879854742
2030530164
971993181
2013614112
438910910
1669236642
1752180961
986938208
1844548707
1011316818
1490262416
1695201131
329972555
20718240
1297741240
640557489
929033238
2000008447
753425285
2017763558
343403701
1830980073
2121463837
1246078636
1251632178
1975761510
36232479
1398552168
1780537213
1468425843
128020709
1524395440
1928977135
1644259825
2020805655
497494605
1708369703
277446109
866759214
363771257
1937616242
936647217
1160114777
756411664
1421805903
138493724
1137013551
680525330
1953101692
1079626327
1757123374
762003084
1576266684
1919430847
1481271276
612126216
1410517458
409637026
1841722644
1916272946
371918946
1706031500
325871383
1250667197
2066575711
1288696828
1851841302
2067586297
2052088120
2080111903
1077680357
196090552
1580076549
1454387675
891037825
60041045
606916831
97270746
1036978640
344944177
1351066201
1128327390
2736062
1352151149
816219643
1067800083
302005424
1356110020
1116328068
1063257678
1621523693
469743408
171741321
754783687
1972220178
1428272417
608297008
493009006
789366528
1339766855
2090532401
210854448
666165012
54504435
1085933993
483761540
1418543713
1957711296
485069893
1249908131
1557069137
904902249
1845083770
1610912087
1961480401
1346340261
609585938
122438685
1038497085
805188682
886486617
213120463
1778332327
1119807001
1355230175
477527868
1091034599
1485722481
1234088392
58247400
197302189
1707479215
1182016652
292798751
733847543
1273201309
49371573
79166767
838313954
1928667260
573811926
944903294
682132312
1993836273
1630503265
1762570322
1775183913
660328302
191393044
368781849
1585500544
842500690
286741163
800077900
1699079601
25850763
1910654048
2055829395
1298028856
43114203
1450108887
753864317
1512499542
2086575981
1421120934
1410648588
217351227
1556733731
912718402
711837580
1267055466
785903971
481113246
1313059088
449681898
20961248
2058449461
541872107
171907726
834624322
203998376
45139622
1738584961
559400573
126983392
647946336
1220175377
689199601
1870792858
42832573
1959341325
896605500
1727798939
1716045282
