1549726748
1569358811
2049058685
1922586345
1139427590
2018389605
1825671350
501777698
1467698306
127830648
2112811541
583673929
2031044867
699233448
1880343029
1130513490
1799873627
409572357
1849764596
1929405538
1409023533
279878990
904470332
1761048107
237307283
1070317449
402633416
545189980
1539405910
261173375
1332712765
1913527578
388960097
804105957
918822394
518898395
1433972646
352626615
631546898
561342072
571665450
1573385028
1729935218
656162866
61568129
458611775
1839309765
1345742578
1914161704
404481365
2113068354
342158446
870392853
811624983
2043505858
1361756225
988019632
458035720
1096693130
1769451864
918133059
2110074840
1025436280
1403801919
177506204
1016626980
1527527413
2054516454
1893578146
36682780
2144156154
1781984726
1054729319
644948018
1390206122
1931696329
912948307
1892362992
1854837568
2122335132
1713968023
481382646
1066987022
81005273
2136995074
454323202
1374034605
1827449728
1759808353
251826808
1181385060
936796580
208970664
1724695178
1260221963
1455695454
1429066600
516884603
1386790899
2135966298
1434995629
217832303
39790977
263329198
1960994914
1798598844
113155266
986501896
710939875
1819506510
634616798
293932313
1393778419
1634222401
857669726
1082984459
1326956681
1255969324
1818714041
1629776644
271774818
245667757
1262552886
1666432008
1628566377
1264998242
1150254975
1372368271
1767806914
375037925
1128346954
866475458
860050254
407879490
1589768869
374886994
855699325
751844389
436243456
117170385
1705724021
20080170
148196255
1914502184
394408529
1998763109
1773654
289784521
1843728076
2143536922
274760389
921619854
2017431559
1516424913
193983279
872607802
163988623
2024075998
844943023
1448427599
479345436
1915099630
1215323141
1830637482
2005694437
977852063
606689031
1883148237
904050093
560626201
1344475723
603506912
268921480
719794955
518538490
1362244050
1794138380
743494091
1828137872
610675005
643546969
864951786
541805418
1163049394
250291521
1189066194
885126861
1490474001
1505333268
417005349
101689730
1817230367
618071979
1074903094
1511543836
90577227
378488931
1366428985
1666840771
181405591
387804587
686552291
834757736
1962922777
444095841
1558785038
1593439520
627044038
1440325133
1825608901
1206988414
1180422539
1916690214
1837124462
512629544
1883868171
2003758866
2077955398
1399608676
1203069952
628117710
1830348227
2052829686
145611631
243240211
384098516
481130667
657076995
43324684
1329426601
657967715
881666375
902902643
606893016
1555495333
70559084
1273037411
1107752123
1721737375
1990505027
1592405878
1252696937
405847940
2020748010
1750946165
168238462
630301097
769374385
1564946995
1391301843
192555593
247789747
849834723
970078199
2046567840
697190245
627211597
1165573085
483909846
1064754563
1082144253
1228808747
1981133693
180713857
256279932
442743451
704258354
475090407
1943978320
1704362498
231203810
755604134
568487667
1945467885
2038473634
1622136548
941944881
994916975
939429221
2092269423
1142830881
448445946
543074943
1064378910
485337745
89266828
315641304
38828649
101018829
1254208660
1649118094
51947157
462457655
383283395
1373758216
1746344820
1366932481
1590876231
549567125
562225975
863846114
892585526
1494160703
920030579
279869365
353717731
1595730841
226529606
68365454
2136839599
1485740090
312442304
328170729
1859076204
2026822014
1099885222
18272409
1896826254
275106126
512668134
1723135992
2094822707
733201634
782935956
1822266787
618510799
759715443
304115690
2042136532
977210842
729908710
69580296
1484061255
1248207249
1717846890
1429108449
1973348055
2115518998
598281728
1244185451
586112823
746294411
1410769320
469973756
1143623795
331070587
1864964116
1883948812
617174344
592487680
2141053664
331847355
1785954665
1887537798
223358440
1892333593
1512863720
592891909
1311552993
1119180941
743470013
884870027
1628728087
842631382
1376177294
1595943509
564824899
506466182
79231717
2042084737
1661911991
1840982540
1726369971
696106516
1085323106
1372814707
1399580791
459717235
563543649
439913259
600013408
1113147285
