77 100
92 101
93 102
8 103
32 104
48 105
55 106
86 107
69 108
24 109
53 110
52 111
26 112
30 113
93 114
80 115
30 116
27 117
87 118
27 119
87 120
38 121
22 122
85 123
4 124
25 125
23 126
61 127
22 128
68 129
62 130
52 131
60 132
55 133
12 134
44 135
3 136
68 137
30 138
24 139
92 140
35 141
77 142
71 143
65 144
22 145
51 146
95 147
2 148
90 149
74 150
89 151
80 152
48 153
26 154
85 155
74 156
49 157
46 158
48 159
69 160
8 161
0 162
81 163
63 164
65 165
25 166
18 167
33 168
7 169
43 170
77 171
42 172
72 173
48 174
60 175
94 176
52 177
7 178
48 179
94 180
34 181
37 182
27 183
82 184
15 185
12 186
56 187
17 188
10 189
57 190
86 191
71 192
57 193
68 194
86 195
74 196
45 197
5 198
7 199