19758030
19828723
269235
15301764
8324426
6702579
20782530
8796560
10637414
17775673
6603613
15444685
8191986
10270364
16371792
9842318
6019038
10452284
9687052
6771254
7373292
3840432
10154499
15474232
9685139
2772891
5922203
10696333
933789
14170795
66949
5502733
9548192
12757287
17925702
11921622
19390269
16207505
15244471
14388838
4548485
8504463
413757
4575196
7582076
18901524
6218198
18350338
10143250
9101026
18827679
16760407
8144616
11215897
8139409
16874998
11108814
1343042
8680619
19042497
3628617
6814357
480545
9292238
2025038
7892918
11921736
18630209
10802930
1178658
20641990
15302948
19665226
13348065
14982423
4254176
1189993
11310350
3432393
15336382
5516002
20382342
5232600
984084
18564476
9517522
19703440
1670954
13305759
7966379
5134818
8686114
10223362
8562863
7124000
216420
21427305
13928683
9934187
17046793
8661814
5414401
19741453
1629105
12927043
15278997
3745754
13705330
16712912
16738015
6169428
18474267
10240103
14148589
14672189
11519528
11636182
12513905
20087212
17221728
1687566
16407479
20184777
9707444
15439526
18742479
6818217
19297784
18225125
15977079
18154121
5854376
19217623
15340399
20782372
12197484
9827116
4835769
20522424
5038953
19909966
13726907
10289512
19460004
7793542
5519675
8808528
10881572
2864837
16775635
1714548
15461081
11324525
17038598
16008380
13974979
17373907
19599264
18181699
5675196
18159729
3714978
13092285
609058
10408686
18231759
10803343
18375752
20208791
20126632
6859864
13718980
2263632
4942697
12528547
2576226
12055989
1905395
1898694
7584567
14376238
17072612
14016791
2686110
3064130
3512903
4849277
9346853
7011672
13600228
18962754
10990961
9766539
19636178
9247786
15442373
2354948
13638126
10602167
8159721
17666768
18602674
155957
5976451
6164093
7865812
11202085
10560176
12852316
13108700
759017
3273391
14642369
20573385
20759721
4051341
6475705
1956914
16290138
20322713
15814942
6632612
5201260
17071925
8940958
13378072
10244023
3586873
12739442
12072335
11473855
20302487
20568074
2173495
17774188
8980540
16997737
6598547
20472961
14212361
14562487
2457517
12090066
19093401
3955433
17665860
14757999
20189136
3743214
4405686
1768160
4158122
9589349
11687585
13530479
4537943
3513424
468826
14483053
6705132
18601292
14932037
1301008
8876205
9192495
10601366
20743076
6897825
4528781
6708074
14520511
3379640
18131283
13224183
18051414
12543491
18015448
17413318
9280107
4835673
7948902
12005006
17283978
19264756
19917628
15911523
4616412
8074975
15337909
5981090
9593797
21313393
7161763
2894065
9085041
4996941
6113952
9621850
21324013
1512188
12497696
8099459
6420308
10489178
3499293
7356318
7945380
14069279
13347773
21074831
18804387
4318894
18977778
5401560
11186689
6516337
15983911
832277
807561
20166906
11612104
20435182
37347
14461685
8678167
4890302
16430803
452220
10368124
4330882
2287089
18525042
19497384
14241123
2722133
10963373
20279239
11884649
1161746
17858802
9020118
5990227
6389110
17644241
11394431
4950394
2515709
9226923
15325645
15918485
14188433
2790814
2592063
1899609
3333750
21123020
8833052
13741662
11564991
17103869
50819
1471101
21337617
7954501
12071058
8385868
16740616
7092247
10058762
1276009
95999
21245782
20034026
19305435
14075194
14911215
2402329
14820998
20016346
2363670
9170291
2901663
14517612
7367180
3043435
1713153
3518628
14805300
2204505
16972469
14016714
7319330
18390397
10648981
10328257
7322632
14130211
6397825
2198096
2856861
4356064
13395594
21369872
18324561
13962194
16586435
7594596
18686477
4015779
9411965
896166
13130776
21173769
11044113
19745757
122612
11375171
14543031
16511570
4111627
2215221
17454825
20491563
5127420
5042943
8160933
19124192
4469996
6419450
15230067
9125777
1852362
19454922
17086584
14910052
2906702
14240959
20336416
7546427
15705719
1243120
8218863
17504554
12000085
12213389
12402958
11226740
3227934
16029888
6875544
16676190
19327053
2742459
5643514
5728543
14094479
6791572
17058254
12407676
9012595
10525342
18139186
17870525
20694023
12091626
2444561
10465145
6752283
14881642
20977651
12308082
6922578
11603667
18695135
5190551
4046647
13331461
7747384
11259959
11406779
10932972
5402141
19547188
1344307
12131261
6839583
3332287
19931167
11332925
9852003
8939102
6795417
10363698
14195172
13098734
8691816
19152191
7832518
18065261
3583603
15141398
16822969
11685766
7723589
20839994
15451418
14422125
6406160
5024716
12771019
16270334
16367078
15787790
15002154
9819343
10274307
20900676
5370727
9922333
19235427
1611919
14444835
8071210
4083725
20729410
9457365
9046245
14346147
15344977
9808536
15238685
12659380
1207222
21326033
18934100
6637371
1878477
19686443
10150965
12628278
3087226
19293042
9285046
2725263
3125913
19283719
10646068
11954855
4713237
5373850
12484786
9758382
18046321
6103470
2087222
8206999
6811659
7608362
2346168
5056495
10530561
15980016
4244393
4380401
14530822
9551538
14721128
2081526
14291386
17517388
13605494
4373489
20482513
7701162
12178790
12381907
13433972
18608875
5440349
17580372
9450760
17070543
10439781
4629460
1547777
17661393
10877077
13703799
9808478
2021268
16143611
13454878
7965537
1306822
16761777
6291882
14381279
3439726
3664211
16875703
18744014
5350609
3935753
11753475
19002059
18137197
13112456
2853367
240829
4170458
10631247
769303
16601869
241573
8695764
288156
21085272
9489660
16965302
19669381
4287109
9031910
11384327
6973880
6468287
3960343
17059938
19740417
18489119
7880691
2550544
9924657
20022175
13916895
15716800
1210432
13843520
5981546
14110874
12331145
4815630
565694
2762848
2143214
8908844
17874843
13628324
9876974
8458693
15797927
20621202
19701663
17189521
2926980
11181022
4479534
9302433
7037601
6806095
14991861
15664414
4459016
6697514
21110474
10599928
5546988
16209285
2439325
11051090
1052420
14554301
6781739
20384341
11527549
19859656
3302593
2984601
64699
16546787
8750144
13838259
5487674
15628801
13809104
1610385
9401289
17092941
16141663
14264648
17472631
17232057
1573271
16485946
19865331
4532366
9628349
1305807
6420692
12594330
16076283
18766005
10281847
10798884
5271278
5995735
9338576
6188203
5331512
3813591
34260
1486537
16507580
15548614
11036668
6594765
16156320
6673101
18797430
16213305
20671239
169297
212481
11046141
5258172
17210102
7999908
4992239
19873318
1525892
149028
16536175
8332093
18073152
10738455
7183029
3394772
6732180
10627940
1205736
5467712
7859474
11292848
20495894
9384310
996396
3810756
3871740
11050384
8843455
11880233
18304870
19927835
9936165
19205505
9405581
13087184
18760034
19012473
1117668
3019578
18027950
1094922
18187691
394262
15249298
5824582
21343114
10808385
2867930
2392149
7836564
13277546
20520807
16046062
7393672
12691218
8621275
21244400
2418508
13821120
21390541
10448806
19662393
2966295
7751843
12850739
4583891
8900715
19207347
4459000
15445895
18731483
16682998
7242311
7545871
19927627
4087708
12478062
9748488
9828320
18369004
2420736
11772260
4543152
12136850
9650083
6298279
5732873
20495249
9743837
17064985
9732369
9268231
17053504
17456038
12294970
2406339
19886627
10543873
19484396
7541095
4985946
15422184
17554082
13520532
14520366
6880223
17408251
9972597
13994993
11832441
3453530
14947187
7879917
581104
54578
2718503
6731812
11776457
7300503
13357367
15081898
3085143
18924155
9832377
1880103
5195669
6694631
16364281
8097778
20628495
20277660
9277927
19697910
13798236
2567784
6382354
15835006
2541850
11684941
11579245
12875176
17155158
4865950
13332524
8571749
17353940
3812846
6823264
17611266
5361296
7733076
8277417
20651189
13173426
356934
15991627
5510040
14847076
5527678
21176079
15126150
1079973
753576
915170
17510402
6031044
281882
7418032
10112254
5003945
14231807
5812277
15440287
9723906
8423151
13398193
1099515
14507251
3483624
18236353
13813288
18425389
4323524
9620099
2976406
12234339
12466243
17093419
18672008
8778668
7789154
2648102
6410419
632789
8578250
4591329
10082145
8131825
7663877
11657956
10175801
5068491
13740006
19237205
19166531
20408571
19863184
17595193
7835186
2006558
6946736
14025466
17592194
2705832
2263626
10064239
9981634
2184875
15962257
7564679
19483205
3133455
6450708
6441836
11729880
19929283
9997991
3264324
13710939
12256826
19771754
4131253
19664035
19429368
5817371
9421735
5698664
18108905
11275649
18867057
11852929
7877537
2709006
6369467
5765971
8573267
13054778
9298512
8773549
10179325
18306520
13526421
17867932
6961502
11391541
16641489
13859657
19689712
13019492
13241594
8671629
2095964
18259402
20329970
17353837
14975325
18617514
1593934
9871113
1182890
9226278
5744943
18590010
10895516
20306295
19957312
6784726
8797376
12966771
