34260
37347
50819
54578
64699
66949
95999
122612
149028
155957
169297
212481
216420
240829
241573
269235
281882
288156
356934
394262
413757
452220
468826
480545
565694
581104
609058
632789
753576
759017
769303
807561
832277
896166
915170
933789
984084
996396
1052420
1079973
1094922
1099515
1117668
1161746
1178658
1182890
1189993
1205736
1207222
1210432
1243120
1276009
1301008
1305807
1306822
1343042
1344307
1471101
1486537
1512188
1525892
1547777
1573271
1593934
1610385
1611919
1629105
1670954
1687566
1713153
1714548
1768160
1852362
1878477
1880103
1898694
1899609
1905395
1956914
2006558
2021268
2025038
2081526
2087222
2095964
2143214
2173495
2184875
2198096
2204505
2215221
2263626
2263632
2287089
2346168
2354948
2363670
2392149
2402329
2406339
2418508
2420736
2439325
2444561
2457517
2515709
2541850
2550544
2567784
2576226
2592063
2648102
2686110
2705832
2709006
2718503
2722133
2725263
2742459
2762848
2772891
2790814
2853367
2856861
2864837
2867930
2894065
2901663
2906702
2926980
2966295
2976406
2984601
3019578
3043435
3064130
3085143
3087226
3125913
3133455
3227934
3264324
3273391
3302593
3332287
3333750
3379640
3394772
3432393
3439726
3453530
3483624
3499293
3512903
3513424
3518628
3583603
3586873
3628617
3664211
3714978
3743214
3745754
3810756
3812846
3813591
3840432
3871740
3935753
3955433
3960343
4015779
4046647
4051341
4083725
4087708
4111627
4131253
4158122
4170458
4244393
4254176
4287109
4318894
4323524
4330882
4356064
4373489
4380401
4405686
4459000
4459016
4469996
4479534
4528781
4532366
4537943
4543152
4548485
4575196
4583891
4591329
4616412
4629460
4713237
4815630
4835673
4835769
4849277
4865950
4890302
4942697
4950394
4985946
4992239
4996941
5003945
5024716
5038953
5042943
5056495
5068491
5127420
5134818
5190551
5195669
5201260
5232600
5258172
5271278
5331512
5350609
5361296
5370727
5373850
5401560
5402141
5414401
5440349
5467712
5487674
5502733
5510040
5516002
5519675
5527678
5546988
5643514
5675196
5698664
5728543
5732873
5744943
5765971
5812277
5817371
5824582
5854376
5922203
5976451
5981090
5981546
5990227
5995735
6019038
6031044
6103470
6113952
6164093
6169428
6188203
6218198
6291882
6298279
6369467
6382354
6389110
6397825
6406160
6410419
6419450
6420308
6420692
6441836
6450708
6468287
6475705
6516337
6594765
6598547
6603613
6632612
6637371
6673101
6694631
6697514
6702579
6705132
6708074
6731812
6732180
6752283
6771254
6781739
6784726
6791572
6795417
6806095
6811659
6814357
6818217
6823264
6839583
6859864
6875544
6880223
6897825
6922578
6946736
6961502
6973880
7011672
7037601
7092247
7124000
7161763
7183029
7242311
7300503
7319330
7322632
7356318
7367180
7373292
7393672
7418032
7541095
7545871
7546427
7564679
7582076
7584567
7594596
7608362
7663877
7701162
7723589
7733076
7747384
7751843
7789154
7793542
7832518
7835186
7836564
7859474
7865812
7877537
7879917
7880691
7892918
7945380
7948902
7954501
7965537
7966379
7999908
8071210
8074975
8097778
8099459
8131825
8139409
8144616
8159721
8160933
8191986
8206999
8218863
8277417
8324426
8332093
8385868
8423151
8458693
8504463
8562863
8571749
8573267
8578250
8621275
8661814
8671629
8678167
8680619
8686114
8691816
8695764
8750144
8773549
8778668
8796560
8797376
8808528
8833052
8843455
8876205
8900715
8908844
8939102
8940958
8980540
9012595
9020118
9031910
9046245
9085041
9101026
9125777
9170291
9192495
9226278
9226923
9247786
9268231
9277927
9280107
9285046
9292238
9298512
9302433
9338576
9346853
9384310
9401289
9405581
9411965
9421735
9450760
9457365
9489660
9517522
9548192
9551538
9589349
9593797
9620099
9621850
9628349
9650083
9685139
9687052
9707444
9723906
9732369
9743837
9748488
9758382
9766539
9808478
9808536
9819343
9827116
9828320
9832377
9842318
9852003
9871113
9876974
9922333
9924657
9934187
9936165
9972597
9981634
9997991
10058762
10064239
10082145
10112254
10143250
10150965
10154499
10175801
10179325
10223362
10240103
10244023
10270364
10274307
10281847
10289512
10328257
10363698
10368124
10408686
10439781
10448806
10452284
10465145
10489178
10525342
10530561
10543873
10560176
10599928
10601366
10602167
10627940
10631247
10637414
10646068
10648981
10696333
10738455
10798884
10802930
10803343
10808385
10877077
10881572
10895516
10932972
10963373
10990961
11036668
11044113
11046141
11050384
11051090
11108814
11181022
11186689
11202085
11215897
11226740
11259959
11275649
11292848
11310350
11324525
11332925
11375171
11384327
11391541
11394431
11406779
11473855
11519528
11527549
11564991
11579245
11603667
11612104
11636182
11657956
11684941
11685766
11687585
11729880
11753475
11772260
11776457
11832441
11852929
11880233
11884649
11921622
11921736
11954855
12000085
12005006
12055989
12071058
12072335
12090066
12091626
12131261
12136850
12178790
12197484
12213389
12234339
12256826
12294970
12308082
12331145
12381907
12402958
12407676
12466243
12478062
12484786
12497696
12513905
12528547
12543491
12594330
12628278
12659380
12691218
12739442
12757287
12771019
12850739
12852316
12875176
12927043
12966771
13019492
13054778
13087184
13092285
13098734
13108700
13112456
13130776
13173426
13224183
13241594
13277546
13305759
13331461
13332524
13347773
13348065
13357367
13378072
13395594
13398193
13433972
13454878
13520532
13526421
13530479
13600228
13605494
13628324
13638126
13703799
13705330
13710939
13718980
13726907
13740006
13741662
13798236
13809104
13813288
13821120
13838259
13843520
13859657
13916895
13928683
13962194
13974979
13994993
14016714
14016791
14025466
14069279
14075194
14094479
14110874
14130211
14148589
14170795
14188433
14195172
14212361
14231807
14240959
14241123
14264648
14291386
14346147
14376238
14381279
14388838
14422125
14444835
14461685
14483053
14507251
14517612
14520366
14520511
14530822
14543031
14554301
14562487
14642369
14672189
14721128
14757999
14805300
14820998
14847076
14881642
14910052
14911215
14932037
14947187
14975325
14982423
14991861
15002154
15081898
15126150
15141398
15230067
15238685
15244471
15249298
15278997
15301764
15302948
15325645
15336382
15337909
15340399
15344977
15422184
15439526
15440287
15442373
15444685
15445895
15451418
15461081
15474232
15548614
15628801
15664414
15705719
15716800
15787790
15797927
15814942
15835006
15911523
15918485
15962257
15977079
15980016
15983911
15991627
16008380
16029888
16046062
16076283
16141663
16143611
16156320
16207505
16209285
16213305
16270334
16290138
16364281
16367078
16371792
16407479
16430803
16485946
16507580
16511570
16536175
16546787
16586435
16601869
16641489
16676190
16682998
16712912
16738015
16740616
16760407
16761777
16775635
16822969
16874998
16875703
16965302
16972469
16997737
17038598
17046793
17053504
17058254
17059938
17064985
17070543
17071925
17072612
17086584
17092941
17093419
17103869
17155158
17189521
17210102
17221728
17232057
17283978
17353837
17353940
17373907
17408251
17413318
17454825
17456038
17472631
17504554
17510402
17517388
17554082
17580372
17592194
17595193
17611266
17644241
17661393
17665860
17666768
17774188
17775673
17858802
17867932
17870525
17874843
17925702
18015448
18027950
18046321
18051414
18065261
18073152
18108905
18131283
18137197
18139186
18154121
18159729
18181699
18187691
18225125
18231759
18236353
18259402
18304870
18306520
18324561
18350338
18369004
18375752
18390397
18425389
18474267
18489119
18525042
18564476
18590010
18601292
18602674
18608875
18617514
18630209
18672008
18686477
18695135
18731483
18742479
18744014
18760034
18766005
18797430
18804387
18827679
18867057
18901524
18924155
18934100
18962754
18977778
19002059
19012473
19042497
19093401
19124192
19152191
19166531
19205505
19207347
19217623
19235427
19237205
19264756
19283719
19293042
19297784
19305435
19327053
19390269
19429368
19454922
19460004
19483205
19484396
19497384
19547188
19599264
19636178
19662393
19664035
19665226
19669381
19686443
19689712
19697910
19701663
19703440
19740417
19741453
19745757
19758030
19771754
19828723
19859656
19863184
19865331
19873318
19886627
19909966
19917628
19927627
19927835
19929283
19931167
19957312
20016346
20022175
20034026
20087212
20126632
20166906
20184777
20189136
20208791
20277660
20279239
20302487
20306295
20322713
20329970
20336416
20382342
20384341
20408571
20435182
20472961
20482513
20491563
20495249
20495894
20520807
20522424
20568074
20573385
20621202
20628495
20641990
20651189
20671239
20694023
20729410
20743076
20759721
20782372
20782530
20839994
20900676
20977651
21074831
21085272
21110474
21123020
21173769
21176079
21244400
21245782
21313393
21324013
21326033
21337617
21343114
21369872
21390541
21427305
